         0.61700E+04          0.16904E-13
         0.61718E+04          0.17937E-13
         0.61735E+04          0.18156E-13
         0.61753E+04          0.17571E-13
         0.61771E+04          0.17237E-13
         0.61788E+04          0.16893E-13
         0.61806E+04          0.18201E-13
         0.61824E+04          0.18466E-13
         0.61841E+04          0.17959E-13
         0.61859E+04          0.17202E-13
         0.61876E+04          0.15799E-13
         0.61894E+04          0.16305E-13
         0.61912E+04          0.16068E-13
         0.61929E+04          0.14993E-13
         0.61947E+04          0.14797E-13
         0.61965E+04          0.15861E-13
         0.61982E+04          0.15676E-13
         0.62000E+04          0.15932E-13
         0.62018E+04          0.15891E-13
         0.62035E+04          0.16395E-13
         0.62053E+04          0.17396E-13
         0.62071E+04          0.17482E-13
         0.62088E+04          0.17724E-13
         0.62106E+04          0.17615E-13
         0.62124E+04          0.16431E-13
         0.62141E+04          0.15783E-13
         0.62159E+04          0.14788E-13
         0.62176E+04          0.13525E-13
         0.62194E+04          0.14033E-13
         0.62212E+04          0.14790E-13
         0.62229E+04          0.14367E-13
         0.62247E+04          0.13035E-13
         0.62265E+04          0.13681E-13
         0.62282E+04          0.13031E-13
         0.62300E+04          0.13509E-13
         0.62318E+04          0.13389E-13
         0.62335E+04          0.14006E-13
         0.62353E+04          0.14237E-13
         0.62371E+04          0.13930E-13
         0.62388E+04          0.14398E-13
         0.62406E+04          0.14550E-13
         0.62424E+04          0.15050E-13
         0.62441E+04          0.14760E-13
         0.62459E+04          0.14637E-13
         0.62476E+04          0.14825E-13
         0.62494E+04          0.15708E-13
         0.62512E+04          0.16159E-13
         0.62529E+04          0.16030E-13
         0.62547E+04          0.16849E-13
         0.62565E+04          0.16675E-13
         0.62582E+04          0.17460E-13
         0.62600E+04          0.16956E-13
         0.62618E+04          0.17765E-13
         0.62635E+04          0.19204E-13
         0.62653E+04          0.18816E-13
         0.62671E+04          0.18469E-13
         0.62688E+04          0.17970E-13
         0.62706E+04          0.18654E-13
         0.62724E+04          0.18887E-13
         0.62741E+04          0.19722E-13
         0.62759E+04          0.19361E-13
         0.62776E+04          0.18972E-13
         0.62794E+04          0.18773E-13
         0.62812E+04          0.19700E-13
         0.62829E+04          0.20450E-13
         0.62847E+04          0.20394E-13
         0.62865E+04          0.20771E-13
         0.62882E+04          0.22067E-13
         0.62900E+04          0.21903E-13
         0.62918E+04          0.22352E-13
         0.62935E+04          0.22322E-13
         0.62953E+04          0.21719E-13
         0.62971E+04          0.21403E-13
         0.62988E+04          0.23825E-13
         0.63006E+04          0.25009E-13
         0.63024E+04          0.25157E-13
         0.63041E+04          0.24720E-13
         0.63059E+04          0.25098E-13
         0.63076E+04          0.25781E-13
         0.63094E+04          0.26321E-13
         0.63112E+04          0.26702E-13
         0.63129E+04          0.26791E-13
         0.63147E+04          0.27074E-13
         0.63165E+04          0.27587E-13
         0.63182E+04          0.27672E-13
         0.63200E+04          0.28112E-13
         0.63218E+04          0.27830E-13
         0.63235E+04          0.27740E-13
         0.63253E+04          0.28119E-13
         0.63271E+04          0.28910E-13
         0.63288E+04          0.29982E-13
         0.63306E+04          0.29878E-13
         0.63324E+04          0.29379E-13
         0.63341E+04          0.29858E-13
         0.63359E+04          0.30264E-13
         0.63376E+04          0.30639E-13
         0.63394E+04          0.31094E-13
         0.63412E+04          0.31956E-13
         0.63429E+04          0.31877E-13
         0.63447E+04          0.31774E-13
         0.63465E+04          0.32858E-13
         0.63482E+04          0.33113E-13
         0.63500E+04          0.33934E-13
         0.63518E+04          0.33993E-13
         0.63535E+04          0.32050E-13
         0.63553E+04          0.30316E-13
         0.63571E+04          0.29348E-13
         0.63588E+04          0.28556E-13
         0.63606E+04          0.28939E-13
         0.63624E+04          0.29780E-13
         0.63641E+04          0.29229E-13
         0.63659E+04          0.29388E-13
         0.63676E+04          0.28585E-13
         0.63694E+04          0.27708E-13
         0.63712E+04          0.28944E-13
         0.63729E+04          0.29251E-13
         0.63747E+04          0.28683E-13
         0.63765E+04          0.28654E-13
         0.63782E+04          0.28882E-13
         0.63800E+04          0.26994E-13
         0.63818E+04          0.24910E-13
         0.63835E+04          0.25176E-13
         0.63853E+04          0.26143E-13
         0.63871E+04          0.25795E-13
         0.63888E+04          0.25506E-13
         0.63906E+04          0.26908E-13
         0.63924E+04          0.28555E-13
         0.63941E+04          0.29071E-13
         0.63959E+04          0.30754E-13
         0.63976E+04          0.32276E-13
         0.63994E+04          0.32295E-13
         0.64012E+04          0.31919E-13
         0.64029E+04          0.33387E-13
         0.64047E+04          0.34926E-13
         0.64065E+04          0.35514E-13
         0.64082E+04          0.35858E-13
         0.64100E+04          0.37021E-13
         0.64118E+04          0.36641E-13
         0.64135E+04          0.36130E-13
         0.64153E+04          0.35675E-13
         0.64171E+04          0.34756E-13
         0.64188E+04          0.34679E-13
         0.64206E+04          0.33409E-13
         0.64224E+04          0.33258E-13
         0.64241E+04          0.33828E-13
         0.64259E+04          0.34866E-13
         0.64276E+04          0.36261E-13
         0.64294E+04          0.36081E-13
         0.64312E+04          0.36468E-13
         0.64329E+04          0.37045E-13
         0.64347E+04          0.37254E-13
         0.64365E+04          0.37351E-13
         0.64382E+04          0.35316E-13
         0.64400E+04          0.34539E-13
         0.64418E+04          0.37077E-13
         0.64435E+04          0.39774E-13
         0.64453E+04          0.40839E-13
         0.64471E+04          0.39688E-13
         0.64488E+04          0.37020E-13
         0.64506E+04          0.36027E-13
         0.64524E+04          0.38394E-13
         0.64541E+04          0.39754E-13
         0.64559E+04          0.40026E-13
         0.64576E+04          0.39889E-13
         0.64594E+04          0.39601E-13
         0.64612E+04          0.38762E-13
         0.64629E+04          0.36615E-13
         0.64647E+04          0.38159E-13
         0.64665E+04          0.41523E-13
         0.64682E+04          0.43077E-13
         0.64700E+04          0.43447E-13
         0.64718E+04          0.41305E-13
         0.64735E+04          0.41763E-13
         0.64753E+04          0.43519E-13
         0.64771E+04          0.43942E-13
         0.64788E+04          0.42132E-13
         0.64806E+04          0.41091E-13
         0.64824E+04          0.40551E-13
         0.64841E+04          0.38359E-13
         0.64859E+04          0.38128E-13
         0.64876E+04          0.40499E-13
         0.64894E+04          0.40701E-13
         0.64912E+04          0.40810E-13
         0.64929E+04          0.40441E-13
         0.64947E+04          0.37107E-13
         0.64965E+04          0.38747E-13
         0.64982E+04          0.40297E-13
         0.65000E+04          0.40123E-13
         0.65018E+04          0.42775E-13
         0.65035E+04          0.44441E-13
         0.65053E+04          0.44897E-13
         0.65071E+04          0.45530E-13
         0.65088E+04          0.45325E-13
         0.65106E+04          0.46610E-13
         0.65124E+04          0.45488E-13
         0.65141E+04          0.43431E-13
         0.65159E+04          0.44496E-13
         0.65176E+04          0.44262E-13
         0.65194E+04          0.45346E-13
         0.65212E+04          0.45634E-13
         0.65229E+04          0.47728E-13
         0.65247E+04          0.47903E-13
         0.65265E+04          0.48324E-13
         0.65282E+04          0.50418E-13
         0.65300E+04          0.49248E-13
         0.65318E+04          0.49514E-13
         0.65335E+04          0.49094E-13
         0.65353E+04          0.51845E-13
         0.65371E+04          0.52196E-13
         0.65388E+04          0.52452E-13
         0.65406E+04          0.55091E-13
         0.65424E+04          0.52700E-13
         0.65441E+04          0.49846E-13
         0.65459E+04          0.48241E-13
         0.65476E+04          0.47682E-13
         0.65494E+04          0.47373E-13
         0.65512E+04          0.45565E-13
         0.65529E+04          0.44867E-13
         0.65547E+04          0.45405E-13
         0.65565E+04          0.46641E-13
         0.65582E+04          0.51275E-13
         0.65600E+04          0.55715E-13
         0.65618E+04          0.77664E-13
         0.65635E+04          0.10780E-12
         0.65653E+04          0.68329E-13
         0.65671E+04          0.47366E-13
         0.65688E+04          0.44889E-13
         0.65706E+04          0.42509E-13
         0.65724E+04          0.41519E-13
         0.65741E+04          0.39159E-13
         0.65759E+04          0.42025E-13
         0.65776E+04          0.42783E-13
         0.65794E+04          0.42160E-13
         0.65812E+04          0.41323E-13
         0.65829E+04          0.43258E-13
         0.65847E+04          0.45351E-13
         0.65865E+04          0.45227E-13
         0.65882E+04          0.46329E-13
         0.65900E+04          0.45829E-13
         0.65918E+04          0.44057E-13
         0.65935E+04          0.41925E-13
         0.65953E+04          0.40625E-13
         0.65971E+04          0.42615E-13
         0.65988E+04          0.42994E-13
         0.66006E+04          0.43001E-13
         0.66024E+04          0.43148E-13
         0.66041E+04          0.43552E-13
         0.66059E+04          0.42269E-13
         0.66076E+04          0.41319E-13
         0.66094E+04          0.42182E-13
         0.66112E+04          0.42003E-13
         0.66129E+04          0.42913E-13
         0.66147E+04          0.42396E-13
         0.66165E+04          0.41150E-13
         0.66182E+04          0.41107E-13
         0.66200E+04          0.39594E-13
         0.66218E+04          0.39295E-13
         0.66235E+04          0.38922E-13
         0.66253E+04          0.37368E-13
         0.66271E+04          0.35581E-13
         0.66288E+04          0.37182E-13
         0.66306E+04          0.38688E-13
         0.66324E+04          0.38795E-13
         0.66341E+04          0.38204E-13
         0.66359E+04          0.36219E-13
         0.66376E+04          0.35382E-13
         0.66394E+04          0.36092E-13
         0.66412E+04          0.36852E-13
         0.66429E+04          0.36671E-13
         0.66447E+04          0.37679E-13
         0.66465E+04          0.38589E-13
         0.66482E+04          0.37512E-13
         0.66500E+04          0.33457E-13
         0.66518E+04          0.29301E-13
         0.66535E+04          0.29715E-13
         0.66553E+04          0.30804E-13
         0.66571E+04          0.30607E-13
         0.66588E+04          0.31088E-13
         0.66606E+04          0.31256E-13
         0.66624E+04          0.32402E-13
         0.66641E+04          0.32198E-13
         0.66659E+04          0.33526E-13
         0.66676E+04          0.34673E-13
         0.66694E+04          0.34102E-13
         0.66712E+04          0.34982E-13
         0.66729E+04          0.35019E-13
         0.66747E+04          0.34433E-13
         0.66765E+04          0.33572E-13
         0.66782E+04          0.33187E-13
         0.66800E+04          0.31367E-13
         0.66818E+04          0.26608E-13
         0.66835E+04          0.26003E-13
         0.66853E+04          0.28022E-13
         0.66871E+04          0.28139E-13
         0.66888E+04          0.28427E-13
         0.66906E+04          0.28284E-13
         0.66924E+04          0.27739E-13
         0.66941E+04          0.27985E-13
         0.66959E+04          0.28909E-13
         0.66976E+04          0.29143E-13
         0.66994E+04          0.29982E-13
         0.67012E+04          0.29952E-13
         0.67029E+04          0.31150E-13
         0.67047E+04          0.31721E-13
         0.67065E+04          0.30458E-13
         0.67082E+04          0.31140E-13
         0.67100E+04          0.31831E-13
         0.67118E+04          0.30570E-13
         0.67135E+04          0.29284E-13
         0.67153E+04          0.25971E-13
         0.67171E+04          0.23623E-13
         0.67188E+04          0.22871E-13
         0.67206E+04          0.23892E-13
         0.67224E+04          0.24474E-13
         0.67241E+04          0.25088E-13
         0.67259E+04          0.26082E-13
         0.67276E+04          0.26229E-13
         0.67294E+04          0.27158E-13
         0.67312E+04          0.26464E-13
         0.67329E+04          0.27089E-13
         0.67347E+04          0.26362E-13
         0.67365E+04          0.26776E-13
         0.67382E+04          0.27579E-13
         0.67400E+04          0.27315E-13
         0.67418E+04          0.27693E-13
         0.67435E+04          0.29461E-13
         0.67453E+04          0.27764E-13
         0.67471E+04          0.25769E-13
         0.67488E+04          0.23781E-13
         0.67506E+04          0.25042E-13
         0.67524E+04          0.25603E-13
         0.67541E+04          0.26753E-13
         0.67559E+04          0.25705E-13
         0.67576E+04          0.26495E-13
         0.67594E+04          0.26540E-13
         0.67612E+04          0.26740E-13
         0.67629E+04          0.27958E-13
         0.67647E+04          0.27357E-13
         0.67665E+04          0.28728E-13
         0.67682E+04          0.28343E-13
         0.67700E+04          0.27905E-13
         0.67718E+04          0.28846E-13
         0.67735E+04          0.28987E-13
         0.67753E+04          0.29687E-13
         0.67771E+04          0.29775E-13
         0.67788E+04          0.29100E-13
         0.67806E+04          0.28391E-13
         0.67824E+04          0.25263E-13
         0.67841E+04          0.24314E-13
         0.67859E+04          0.24883E-13
         0.67876E+04          0.25456E-13
         0.67894E+04          0.25405E-13
         0.67912E+04          0.25603E-13
         0.67929E+04          0.25013E-13
         0.67947E+04          0.25426E-13
         0.67965E+04          0.26277E-13
         0.67982E+04          0.26525E-13
         0.68000E+04          0.26533E-13
         0.68018E+04          0.27186E-13
         0.68035E+04          0.26540E-13
         0.68053E+04          0.25980E-13
         0.68071E+04          0.25490E-13
         0.68088E+04          0.26002E-13
         0.68106E+04          0.26699E-13
         0.68124E+04          0.28002E-13
         0.68141E+04          0.26825E-13
         0.68159E+04          0.25584E-13
         0.68176E+04          0.25531E-13
         0.68194E+04          0.25733E-13
         0.68212E+04          0.25668E-13
         0.68229E+04          0.25366E-13
         0.68247E+04          0.25767E-13
         0.68265E+04          0.27252E-13
         0.68282E+04          0.28064E-13
         0.68300E+04          0.27846E-13
         0.68318E+04          0.26719E-13
         0.68335E+04          0.27642E-13
         0.68353E+04          0.27277E-13
         0.68371E+04          0.25921E-13
         0.68388E+04          0.28406E-13
         0.68406E+04          0.28275E-13
         0.68424E+04          0.28093E-13
         0.68441E+04          0.28512E-13
         0.68459E+04          0.26704E-13
         0.68476E+04          0.26989E-13
         0.68494E+04          0.27584E-13
         0.68512E+04          0.24352E-13
         0.68529E+04          0.25527E-13
         0.68547E+04          0.25355E-13
         0.68565E+04          0.24994E-13
         0.68582E+04          0.25183E-13
         0.68600E+04          0.24690E-13
         0.68618E+04          0.25891E-13
         0.68635E+04          0.27088E-13
         0.68653E+04          0.26198E-13
         0.68671E+04          0.25176E-13
         0.68688E+04          0.25685E-13
         0.68706E+04          0.26626E-13
         0.68724E+04          0.27103E-13
         0.68741E+04          0.28389E-13
         0.68759E+04          0.29167E-13
         0.68776E+04          0.29230E-13
         0.68794E+04          0.28719E-13
         0.68812E+04          0.27807E-13
         0.68829E+04          0.27992E-13
         0.68847E+04          0.26056E-13
         0.68865E+04          0.27444E-13
         0.68882E+04          0.29040E-13
         0.68900E+04          0.28844E-13
         0.68918E+04          0.28323E-13
         0.68935E+04          0.29695E-13
         0.68953E+04          0.28679E-13
         0.68971E+04          0.29512E-13
         0.68988E+04          0.26590E-13
         0.69006E+04          0.26102E-13
         0.69024E+04          0.26020E-13
         0.69041E+04          0.29012E-13
         0.69059E+04          0.32193E-13
         0.69076E+04          0.30887E-13
         0.69094E+04          0.31310E-13
         0.69112E+04          0.32010E-13
         0.69129E+04          0.32361E-13
         0.69147E+04          0.32150E-13
         0.69165E+04          0.28785E-13
         0.69182E+04          0.26186E-13
         0.69200E+04          0.28620E-13
         0.69218E+04          0.32329E-13
         0.69235E+04          0.34188E-13
         0.69253E+04          0.34248E-13
         0.69271E+04          0.33780E-13
         0.69288E+04          0.35245E-13
         0.69306E+04          0.35985E-13
         0.69324E+04          0.36745E-13
         0.69341E+04          0.34805E-13
         0.69359E+04          0.34897E-13
         0.69376E+04          0.35579E-13
         0.69394E+04          0.34458E-13
         0.69412E+04          0.36103E-13
         0.69429E+04          0.38054E-13
         0.69447E+04          0.39875E-13
         0.69465E+04          0.40407E-13
         0.69482E+04          0.41856E-13
         0.69500E+04          0.42774E-13
         0.69518E+04          0.39643E-13
         0.69535E+04          0.37068E-13
         0.69553E+04          0.38452E-13
         0.69571E+04          0.38353E-13
         0.69588E+04          0.39288E-13
         0.69606E+04          0.38766E-13
         0.69624E+04          0.40373E-13
         0.69641E+04          0.42167E-13
         0.69659E+04          0.40307E-13
         0.69676E+04          0.40978E-13
         0.69694E+04          0.40614E-13
         0.69712E+04          0.39463E-13
         0.69729E+04          0.40664E-13
         0.69747E+04          0.41668E-13
         0.69765E+04          0.43032E-13
         0.69782E+04          0.42467E-13
         0.69800E+04          0.43374E-13
         0.69818E+04          0.43693E-13
         0.69835E+04          0.44345E-13
         0.69853E+04          0.42709E-13
         0.69871E+04          0.44347E-13
         0.69888E+04          0.44483E-13
         0.69906E+04          0.42402E-13
         0.69924E+04          0.42768E-13
         0.69941E+04          0.44679E-13
         0.69959E+04          0.44383E-13
         0.69976E+04          0.44168E-13
         0.69994E+04          0.44193E-13
         0.70012E+04          0.44523E-13
         0.70029E+04          0.43203E-13
         0.70047E+04          0.42549E-13
         0.70065E+04          0.42956E-13
         0.70082E+04          0.44201E-13
         0.70100E+04          0.45690E-13
         0.70118E+04          0.48885E-13
         0.70135E+04          0.50123E-13
         0.70153E+04          0.47332E-13
         0.70171E+04          0.47578E-13
         0.70188E+04          0.49403E-13
         0.70206E+04          0.52098E-13
         0.70224E+04          0.47795E-13
         0.70241E+04          0.45974E-13
         0.70259E+04          0.47679E-13
         0.70276E+04          0.53703E-13
         0.70294E+04          0.55107E-13
         0.70312E+04          0.54216E-13
         0.70329E+04          0.56051E-13
         0.70347E+04          0.59484E-13
         0.70365E+04          0.61605E-13
         0.70382E+04          0.60892E-13
         0.70400E+04          0.64193E-13
         0.70418E+04          0.65216E-13
         0.70435E+04          0.65953E-13
         0.70453E+04          0.65432E-13
         0.70471E+04          0.63115E-13
         0.70488E+04          0.64109E-13
         0.70506E+04          0.62744E-13
         0.70524E+04          0.55916E-13
         0.70541E+04          0.40518E-13
         0.70559E+04          0.37154E-13
         0.70576E+04          0.39109E-13
         0.70594E+04          0.35740E-13
         0.70612E+04          0.35608E-13
         0.70629E+04          0.37867E-13
         0.70647E+04          0.39342E-13
         0.70665E+04          0.41170E-13
         0.70682E+04          0.41276E-13
         0.70700E+04          0.42405E-13
         0.70718E+04          0.43700E-13
         0.70735E+04          0.43545E-13
         0.70753E+04          0.43127E-13
         0.70771E+04          0.42513E-13
         0.70788E+04          0.45517E-13
         0.70806E+04          0.45897E-13
         0.70824E+04          0.45382E-13
         0.70841E+04          0.43132E-13
         0.70859E+04          0.38147E-13
         0.70876E+04          0.30706E-13
         0.70894E+04          0.29631E-13
         0.70912E+04          0.31030E-13
         0.70929E+04          0.32271E-13
         0.70947E+04          0.31448E-13
         0.70965E+04          0.31206E-13
         0.70982E+04          0.32074E-13
         0.71000E+04          0.32814E-13
         0.71018E+04          0.34437E-13
         0.71035E+04          0.34787E-13
         0.71053E+04          0.35701E-13
         0.71071E+04          0.37615E-13
         0.71088E+04          0.39557E-13
         0.71106E+04          0.40023E-13
         0.71124E+04          0.39613E-13
         0.71141E+04          0.39007E-13
         0.71159E+04          0.39152E-13
         0.71176E+04          0.41584E-13
         0.71194E+04          0.43048E-13
         0.71212E+04          0.42591E-13
         0.71229E+04          0.37469E-13
         0.71247E+04          0.29252E-13
         0.71265E+04          0.24257E-13
         0.71282E+04          0.25431E-13
         0.71300E+04          0.26667E-13
         0.71318E+04          0.25100E-13
         0.71335E+04          0.25989E-13
         0.71353E+04          0.27260E-13
         0.71371E+04          0.26597E-13
         0.71388E+04          0.27591E-13
         0.71406E+04          0.28697E-13
         0.71424E+04          0.29468E-13
         0.71441E+04          0.29764E-13
         0.71459E+04          0.29433E-13
         0.71476E+04          0.29095E-13
         0.71494E+04          0.29470E-13
         0.71512E+04          0.31504E-13
         0.71529E+04          0.33865E-13
         0.71547E+04          0.35506E-13
         0.71565E+04          0.34471E-13
         0.71582E+04          0.30777E-13
         0.71600E+04          0.30406E-13
         0.71618E+04          0.32108E-13
         0.71635E+04          0.30911E-13
         0.71653E+04          0.30834E-13
         0.71671E+04          0.30889E-13
         0.71688E+04          0.30446E-13
         0.71706E+04          0.30792E-13
         0.71724E+04          0.31219E-13
         0.71741E+04          0.32274E-13
         0.71759E+04          0.31798E-13
         0.71776E+04          0.33632E-13
         0.71794E+04          0.35107E-13
         0.71812E+04          0.33786E-13
         0.71829E+04          0.35825E-13
         0.71847E+04          0.34070E-13
         0.71865E+04          0.35064E-13
         0.71882E+04          0.36844E-13
         0.71900E+04          0.36778E-13
         0.71918E+04          0.36791E-13
         0.71935E+04          0.36900E-13
         0.71953E+04          0.34217E-13
         0.71971E+04          0.33044E-13
         0.71988E+04          0.30137E-13
         0.72006E+04          0.29891E-13
         0.72024E+04          0.31638E-13
         0.72041E+04          0.32294E-13
         0.72059E+04          0.34315E-13
         0.72076E+04          0.35507E-13
         0.72094E+04          0.36427E-13
         0.72112E+04          0.35566E-13
         0.72129E+04          0.38641E-13
         0.72147E+04          0.39087E-13
         0.72165E+04          0.39783E-13
         0.72182E+04          0.41161E-13
         0.72200E+04          0.41462E-13
         0.72218E+04          0.41410E-13
         0.72235E+04          0.41877E-13
         0.72253E+04          0.42588E-13
         0.72271E+04          0.42016E-13
         0.72288E+04          0.42487E-13
         0.72306E+04          0.40356E-13
         0.72324E+04          0.38580E-13
         0.72341E+04          0.39249E-13
         0.72359E+04          0.42581E-13
         0.72376E+04          0.43325E-13
         0.72394E+04          0.42318E-13
         0.72412E+04          0.42622E-13
         0.72429E+04          0.43401E-13
         0.72447E+04          0.42392E-13
         0.72465E+04          0.45460E-13
         0.72482E+04          0.48762E-13
         0.72500E+04          0.46388E-13
         0.72518E+04          0.42261E-13
         0.72535E+04          0.45502E-13
         0.72553E+04          0.48323E-13
         0.72571E+04          0.48852E-13
         0.72588E+04          0.48811E-13
         0.72606E+04          0.47686E-13
         0.72624E+04          0.47996E-13
         0.72641E+04          0.49036E-13
         0.72659E+04          0.51051E-13
         0.72676E+04          0.50669E-13
         0.72694E+04          0.51195E-13
         0.72712E+04          0.50608E-13
         0.72729E+04          0.52208E-13
         0.72747E+04          0.51241E-13
         0.72765E+04          0.49208E-13
         0.72782E+04          0.50134E-13
         0.72800E+04          0.53945E-13
         0.72818E+04          0.54122E-13
         0.72835E+04          0.54972E-13
         0.72853E+04          0.55121E-13
         0.72871E+04          0.55610E-13
         0.72888E+04          0.50495E-13
         0.72906E+04          0.51273E-13
         0.72924E+04          0.51389E-13
         0.72941E+04          0.53446E-13
         0.72959E+04          0.56781E-13
         0.72976E+04          0.55855E-13
         0.72994E+04          0.54937E-13
         0.73012E+04          0.55050E-13
         0.73029E+04          0.56658E-13
         0.73047E+04          0.56518E-13
         0.73065E+04          0.59276E-13
         0.73082E+04          0.58548E-13
         0.73100E+04          0.59315E-13
         0.73118E+04          0.58586E-13
         0.73135E+04          0.62298E-13
         0.73153E+04          0.62189E-13
         0.73171E+04          0.61828E-13
         0.73188E+04          0.65270E-13
         0.73206E+04          0.65647E-13
         0.73224E+04          0.63033E-13
         0.73241E+04          0.60923E-13
         0.73259E+04          0.59441E-13
         0.73276E+04          0.63169E-13
         0.73294E+04          0.65552E-13
         0.73312E+04          0.65400E-13
         0.73329E+04          0.64336E-13
         0.73347E+04          0.65702E-13
         0.73365E+04          0.67312E-13
         0.73382E+04          0.68208E-13
         0.73400E+04          0.68061E-13
         0.73418E+04          0.67034E-13
         0.73435E+04          0.63448E-13
         0.73453E+04          0.62939E-13
         0.73471E+04          0.65867E-13
         0.73488E+04          0.66497E-13
         0.73506E+04          0.68352E-13
         0.73524E+04          0.67813E-13
         0.73541E+04          0.66759E-13
         0.73559E+04          0.65421E-13
         0.73576E+04          0.67813E-13
         0.73594E+04          0.70317E-13
         0.73612E+04          0.69754E-13
         0.73629E+04          0.69731E-13
         0.73647E+04          0.70546E-13
         0.73665E+04          0.71141E-13
         0.73682E+04          0.71485E-13
         0.73700E+04          0.71700E-13
         0.73718E+04          0.70971E-13
         0.73735E+04          0.69600E-13
         0.73753E+04          0.70006E-13
         0.73771E+04          0.70178E-13
         0.73788E+04          0.70312E-13
         0.73806E+04          0.69579E-13
         0.73824E+04          0.68533E-13
         0.73841E+04          0.71119E-13
         0.73859E+04          0.73747E-13
         0.73876E+04          0.72185E-13
         0.73894E+04          0.71968E-13
         0.73912E+04          0.72451E-13
         0.73929E+04          0.73192E-13
         0.73947E+04          0.72988E-13
         0.73965E+04          0.72719E-13
         0.73982E+04          0.72584E-13
         0.74000E+04          0.71228E-13
         0.74018E+04          0.75679E-13
         0.74035E+04          0.74997E-13
         0.74053E+04          0.75261E-13
         0.74071E+04          0.73394E-13
         0.74088E+04          0.73257E-13
         0.74106E+04          0.73963E-13
         0.74124E+04          0.73270E-13
         0.74141E+04          0.73811E-13
         0.74159E+04          0.73131E-13
         0.74176E+04          0.69418E-13
         0.74194E+04          0.71620E-13
         0.74212E+04          0.73757E-13
         0.74229E+04          0.73854E-13
         0.74247E+04          0.73251E-13
         0.74265E+04          0.73035E-13
         0.74282E+04          0.73637E-13
         0.74300E+04          0.75574E-13
         0.74318E+04          0.77515E-13
         0.74335E+04          0.75301E-13
         0.74353E+04          0.74922E-13
         0.74371E+04          0.78243E-13
         0.74388E+04          0.78458E-13
         0.74406E+04          0.76311E-13
         0.74424E+04          0.75694E-13
         0.74441E+04          0.76331E-13
         0.74459E+04          0.73886E-13
         0.74476E+04          0.71899E-13
         0.74494E+04          0.71082E-13
         0.74512E+04          0.72813E-13
         0.74529E+04          0.73905E-13
         0.74547E+04          0.72664E-13
         0.74565E+04          0.74656E-13
         0.74582E+04          0.73230E-13
         0.74600E+04          0.75073E-13
         0.74618E+04          0.73114E-13
         0.74635E+04          0.73895E-13
         0.74653E+04          0.77932E-13
         0.74671E+04          0.74796E-13
         0.74688E+04          0.75870E-13
         0.74706E+04          0.78735E-13
         0.74724E+04          0.74840E-13
         0.74741E+04          0.74799E-13
         0.74759E+04          0.77355E-13
         0.74776E+04          0.76379E-13
         0.74794E+04          0.75265E-13
         0.74812E+04          0.74768E-13
         0.74829E+04          0.75164E-13
         0.74847E+04          0.72155E-13
         0.74865E+04          0.73473E-13
         0.74882E+04          0.72137E-13
         0.74900E+04          0.73345E-13
         0.74918E+04          0.71524E-13
         0.74935E+04          0.75068E-13
         0.74953E+04          0.76282E-13
         0.74971E+04          0.78921E-13
         0.74988E+04          0.79038E-13
         0.75006E+04          0.77231E-13
         0.75024E+04          0.75864E-13
         0.75041E+04          0.75861E-13
         0.75059E+04          0.75368E-13
         0.75076E+04          0.74114E-13
         0.75094E+04          0.76880E-13
         0.75112E+04          0.75027E-13
         0.75129E+04          0.74366E-13
         0.75147E+04          0.79038E-13
         0.75165E+04          0.81145E-13
         0.75182E+04          0.80081E-13
         0.75200E+04          0.79810E-13
         0.75218E+04          0.80157E-13
         0.75235E+04          0.81097E-13
         0.75253E+04          0.77151E-13
         0.75271E+04          0.75150E-13
         0.75288E+04          0.77468E-13
         0.75306E+04          0.77349E-13
         0.75324E+04          0.75531E-13
         0.75341E+04          0.76767E-13
         0.75359E+04          0.78549E-13
         0.75376E+04          0.77846E-13
         0.75394E+04          0.79598E-13
         0.75412E+04          0.75539E-13
         0.75429E+04          0.16430E-12
         0.75447E+04          0.36829E-13
         0.75465E+04          0.00000E+00
         0.75482E+04          0.00000E+00
         0.75500E+04          0.00000E+00
         0.75518E+04          0.00000E+00
         0.75535E+04          0.00000E+00
         0.75553E+04          0.00000E+00
         0.75571E+04          0.00000E+00
         0.75588E+04          0.00000E+00
         0.75606E+04          0.00000E+00
         0.75624E+04          0.00000E+00
         0.75641E+04          0.00000E+00
         0.75659E+04          0.00000E+00
         0.75676E+04          0.00000E+00
         0.75694E+04          0.00000E+00
         0.75712E+04          0.00000E+00
         0.75729E+04          0.00000E+00
         0.75747E+04          0.00000E+00
         0.75765E+04          0.00000E+00
         0.75782E+04          0.00000E+00
         0.75800E+04          0.00000E+00
